C	f	theta	in	b	prior_mean	prior_sd	post_mean	post_sd
1	1	1	1	1	1	1.66666666666667	0.0811379940302094	0.0133959067681332
2	1	2	1	1	1	1.66666666666667	0.0849518007801701	0.0126840193443522
3	1	3	1	1	1	1.66666666666667	0.119073727172469	0.0391788205252482
4	1	4	1	1	1	1.66666666666667	0.0592331944647288	0.0120137006590673
5	1	5	1	1	1	1.66666666666667	0.0780214060374808	0.011839060028746
6	1	6	1	1	1	1.66666666666667	0.117682565824537	0.0218529712721634
7	1	7	1	1	1	1.66666666666667	0.11438790072124	0.0165576921982089
8	1	8	1	1	1	1.66666666666667	0.203895035775521	0.0516425463843965
9	1	9	1	1	1	1.66666666666667	0.0884949348996706	0.0167587070238124
10	1	10	1	1	1	1.66666666666667	0.385526729572988	0.0535135562603073
11	1	11	1	1	1	1.66666666666667	1.32958438097787	0.108046574812708
12	1	12	1	1	1	1.66666666666667	0.156479183393761	0.0287720426829204
13	1	13	1	1	1	1.66666666666667	0.141917935598918	0.0292629933694609
14	1	14	1	1	1	1.66666666666667	0.144516884030655	0.0193121749679394
15	1	15	1	1	1	1.66666666666667	0.0558413632373974	0.00876687062430366
16	1	16	1	1	1	1.66666666666667	0.20125151394958	0.018541613229406
17	1	17	1	1	1	1.66666666666667	0.0762716962947901	0.0146373302035307
18	1	18	1	1	1	1.66666666666667	0.0372820727889396	0.00739023466283835
19	1	19	1	1	1	1.66666666666667	0.0529693955961952	0.00978531321968553
20	1	20	1	1	1	1.66666666666667	0.0672738254679554	0.0145351276198971
21	1	21	1	1	1	1.66666666666667	0.0959049068888882	0.0338106072452668
22	1	22	1	1	1	1.66666666666667	0.0940838872525716	0.0195967791678332
23	1	23	1	1	1	1.66666666666667	0.0820389130926106	0.0168756170827977
24	1	24	1	1	1	1.66666666666667	0.377289840982771	0.0664058079428591
25	1	25	1	1	1	1.66666666666667	0.0426163284571424	0.00762954273049878
26	1	26	1	1	1	1.66666666666667	0.486893694158686	0.063921874752534
27	1	27	1	1	1	1.66666666666667	0.0791845334693966	0.0153165071644472
28	1	28	1	1	1	1.66666666666667	0.0570014435985931	0.00979122540182557
29	1	29	1	1	1	1.66666666666667	0.0835571505902994	0.0159888105540666
30	1	30	1	1	1	1.66666666666667	0.0487357361736372	0.00994842427391194
31	1	31	1	1	1	1.66666666666667	0.153279940945287	0.0165110726706741
32	1	32	1	1	1	1.66666666666667	0.487006883289165	0.0391545385735072
33	1	33	1	1	1	1.66666666666667	1.05312744752406	0.11166888911354
34	1	34	1	1	1	1.66666666666667	0.179040248556547	0.0197090358361859
35	1	35	1	1	1	1.66666666666667	0.186644184934535	0.0192294036425181
36	1	36	1	1	1	1.66666666666667	0.0766119307691392	0.0191688173875541
37	1	37	1	1	1	1.66666666666667	0.0712123127460565	0.0136427651460874
38	1	38	1	1	1	1.66666666666667	0.0787224199334524	0.015679827067795
39	1	39	1	1	1	1.66666666666667	0.0317911175014112	0.00668930926199952
40	1	40	1	1	1	1.66666666666667	0.0449767905503119	0.0108564432064652
41	1	41	1	1	1	1.66666666666667	0.121666725331871	0.0243126222883808
42	1	42	1	1	1	1.66666666666667	0.0485190356380931	0.011685366259184
43	1	43	1	1	1	1.66666666666667	0.0333916797790187	0.00760829562740968
44	1	44	1	1	1	1.66666666666667	0.42617586076115	0.0783872522559986
45	1	45	1	1	1	1.66666666666667	0.0721746943722261	0.0171020195732023
46	1	46	1	1	1	1.66666666666667	0.107166335794349	0.0233992123117947
47	1	47	1	1	1	1.66666666666667	0.0922398829692907	0.0174671056952508
48	1	48	1	1	1	1.66666666666667	0.0727442838102984	0.0155031754192386
49	1	49	1	1	1	1.66666666666667	0.138512665340304	0.0291472391638707
50	1	50	1	1	1	1.66666666666667	0.0373263243526024	0.00785551685337979
51	1	51	1	1	1	1.66666666666667	0.0448130332869624	0.00825839996639943
52	1	52	1	1	1	1.66666666666667	0.0895721698553948	0.0119139057407174
53	1	53	1	1	1	1.66666666666667	0.222342018089128	0.019454419745368
54	1	54	1	1	1	1.66666666666667	0.391839208672078	0.0447465137899503
55	1	55	1	1	1	1.66666666666667	0.483004130301226	0.0602101640934696
56	1	56	1	1	1	1.66666666666667	0.0597135017284562	0.018889255966633
57	1	57	1	1	1	1.66666666666667	0.210770118542805	0.0371766651645664
58	1	58	1	1	1	1.66666666666667	0.108604321516964	0.0225097780337797
59	1	59	1	1	1	1.66666666666667	0.0963317526552181	0.0136173908909026
60	1	60	1	1	1	1.66666666666667	0.132093348532152	0.0147365612493566
61	1	61	1	1	1	1.66666666666667	0.027986985938479	0.00737569980820109
62	1	62	1	1	1	1.66666666666667	0.0536875775099556	0.0111514164526005
63	1	63	1	1	1	1.66666666666667	0.150073413033538	0.0169465815632122
64	1	64	1	1	1	1.66666666666667	0.0500157105256025	0.0122279321336572
65	1	65	1	1	1	1.66666666666667	0.0554970987827611	0.0110707407153479
66	1	66	1	1	1	1.66666666666667	0.115118547100323	0.0139376031922802
67	1	67	1	1	1	1.66666666666667	0.172442971578333	0.0190331033975243
68	1	68	1	1	1	1.66666666666667	0.0629013570435365	0.0137060007183994
69	1	69	1	1	1	1.66666666666667	0.46204738755087	0.0348821891886304
70	1	70	1	1	1	1.66666666666667	0.0773253709031561	0.0157549102933122
71	1	71	1	1	1	1.66666666666667	0.0375700249060032	0.00957165957839428
72	1	72	1	1	1	1.66666666666667	0.053264969829377	0.00965590397420331
73	1	73	1	1	1	1.66666666666667	0.109473495131987	0.0196146473460232
74	1	74	1	1	1	1.66666666666667	0.129251597744327	0.0143978814438869
75	1	75	1	1	1	1.66666666666667	0.0610334766177849	0.011552228080354
76	1	76	1	1	1	1.66666666666667	0.0778139518152979	0.0167464689312937
77	1	77	1	1	1	1.66666666666667	0.0343890154169465	0.00719847551350936
78	1	78	1	1	1	1.66666666666667	0.724719431255683	0.0636123594580799
79	1	79	1	1	1	1.66666666666667	0.177462114011339	0.0393210898434765
80	1	80	1	1	1	1.66666666666667	0.437355838584474	0.0297118153050282
81	1	81	1	1	1	1.66666666666667	0.10750396612288	0.0166299558656066
82	1	82	1	1	1	1.66666666666667	0.0403614910785145	0.0100589633311192
83	1	83	1	1	1	1.66666666666667	0.0502953308548885	0.0162626424423199
84	1	84	1	1	1	1.66666666666667	0.0419495205709644	0.00917528614864327
85	1	85	1	1	1	1.66666666666667	0.0499608556616076	0.0162964465064283
86	1	86	1	1	1	1.66666666666667	0.122870359609674	0.0183491659739067
87	1	87	1	1	1	1.66666666666667	0.0645524997935029	0.0127461973629605
88	1	88	1	1	1	1.66666666666667	0.0464252711957348	0.00794716926181488
89	1	89	1	1	1	1.66666666666667	0.241106300632399	0.0280784283752422
90	1	90	1	1	1	1.66666666666667	0.0486923116534694	0.0165807669640534
91	1	91	1	1	1	1.66666666666667	0.0711524503753881	0.0149680335474844
92	1	92	1	1	1	1.66666666666667	0.118415670904195	0.0135020606009042
93	1	93	1	1	1	1.66666666666667	0.761330748802212	0.0624592016147417
94	1	94	1	1	1	1.66666666666667	0.173735914945084	0.0158606913690611
95	1	95	1	1	1	1.66666666666667	0.0604833462192395	0.0133424034241332
96	1	96	1	1	1	1.66666666666667	0.100331030897945	0.0164488141754955
97	1	97	1	1	1	1.66666666666667	0.123536813889624	0.030628019481154
98	1	98	1	1	1	1.66666666666667	0.0787184586093194	0.0140308227251301
99	1	99	1	1	1	1.66666666666667	0.15862482559149	0.0220255042468612
100	1	100	1	1	1	1.66666666666667	0.0587113063201925	0.0112502592473058
101	1	101	1	1	1	1.66666666666667	0.150660009623264	0.027931689812618
102	1	102	1	1	1	1.66666666666667	0.108447488354562	0.0187169875998457
103	1	103	1	1	1	1.66666666666667	0.103211157879928	0.0203138993343585
104	1	104	1	1	1	1.66666666666667	0.220195597787297	0.0229552817025194
105	1	105	1	1	1	1.66666666666667	0.0671164174409839	0.0192163413045358
106	1	106	1	1	1	1.66666666666667	0.18822025731059	0.0385181015078802
107	1	107	1	1	1	1.66666666666667	0.0966362763499961	0.0188189787926037
108	1	108	1	1	1	1.66666666666667	0.0553003704857595	0.0108762522370165
109	1	109	1	1	1	1.66666666666667	1.04217062869972	0.0712992703163354
110	1	110	1	1	1	1.66666666666667	0.0815494779101646	0.0303614254726515
111	1	111	1	1	1	1.66666666666667	0.288895432271222	0.0473071004936084
112	1	112	1	1	1	1.66666666666667	0.0972596901160636	0.0150267718074833
113	1	113	1	1	1	1.66666666666667	0.0577669667156846	0.0114010285832316
114	1	114	1	1	1	1.66666666666667	0.184280652191376	0.0338687804656121
115	1	115	1	1	1	1.66666666666667	0.0539633982615375	0.0220726021945659
116	1	116	1	1	1	1.66666666666667	0.0764698386860295	0.0117542469594628
117	1	117	1	1	1	1.66666666666667	0.18521599983928	0.0228891497524113
118	1	118	1	1	1	1.66666666666667	0.886142768513567	0.144527565284854
119	1	119	1	1	1	1.66666666666667	0.114744007887803	0.0222836383229734
120	1	120	1	1	1	1.66666666666667	0.212002133200682	0.0205427558458519
121	1	121	1	1	1	1.66666666666667	0.0890501967811593	0.0281580095810585
122	1	122	1	1	1	1.66666666666667	0.0808838874224905	0.0259641008114344
123	1	123	1	1	1	1.66666666666667	0.0419429978513854	0.0109106902807754
124	1	124	1	1	1	1.66666666666667	0.0653879562305895	0.015072967743656
125	1	125	1	1	1	1.66666666666667	0.050586744327874	0.0215015736889125
126	1	126	1	1	1	1.66666666666667	0.241293388313582	0.0397155235775755
127	1	127	1	1	1	1.66666666666667	0.118468255788662	0.0138887512592826
128	1	128	1	1	1	1.66666666666667	0.0947965736286041	0.0171153228875316
129	1	129	1	1	1	1.66666666666667	0.330336720006642	0.0438988897001448
130	1	130	1	1	1	1.66666666666667	0.245544717397055	0.0387675564421568
131	1	131	1	1	1	1.66666666666667	0.0841265167351637	0.0134851120030162
132	1	132	1	1	1	1.66666666666667	0.387028734804618	0.0497080833698092
133	1	133	1	1	1	1.66666666666667	0.145596789666786	0.0208216056743253
134	1	134	1	1	1	1.66666666666667	0.203819592714035	0.022470496365657
135	1	135	1	1	1	1.66666666666667	0.116449826796631	0.0257135176782444
136	1	136	1	1	1	1.66666666666667	0.0500158181947819	0.021499596298556
137	1	137	1	1	1	1.66666666666667	0.469399006867785	0.0720891657447524
138	1	138	1	1	1	1.66666666666667	0.0887739187579749	0.0252176181622573
139	1	139	1	1	1	1.66666666666667	0.0862149079259996	0.0298083720547567
140	1	140	1	1	1	1.66666666666667	0.058970796208155	0.0148133117939107
141	1	141	1	1	1	1.66666666666667	0.152979609989431	0.0265144904066859
142	1	142	1	1	1	1.66666666666667	0.0497036009121448	0.00899466854257391
143	1	143	1	1	1	1.66666666666667	0.597496153898207	0.0441139744343018
144	1	144	1	1	1	1.66666666666667	0.15990948431862	0.0271617241018503
145	1	145	1	1	1	1.66666666666667	0.18292090060519	0.0217595517448344
146	1	146	1	1	1	1.66666666666667	0.0440153165863476	0.0101419240272972
147	1	147	1	1	1	1.66666666666667	0.0509515158086512	0.0121027932635744
148	1	148	1	1	1	1.66666666666667	0.13314586205625	0.0228308366871068
149	1	149	1	1	1	1.66666666666667	0.0391090496413706	0.00932541675750534
150	1	150	1	1	1	1.66666666666667	0.0447784855893713	0.00840469779841815
151	1	151	1	1	1	1.66666666666667	0.170002589147183	0.0408572474506002
152	1	152	1	1	1	1.66666666666667	0.114649012154266	0.0190772063411318
153	1	153	1	1	1	1.66666666666667	0.0675799440038882	0.0106316875966314
154	1	154	1	1	1	1.66666666666667	0.125559795612814	0.0149529463386016
155	1	155	1	1	1	1.66666666666667	0.955584595678691	0.0761816065532688
156	1	156	1	1	1	1.66666666666667	0.110569210247072	0.0177549771579928
157	1	157	1	1	1	1.66666666666667	0.970294498073707	0.161838258879187
158	1	158	1	1	1	1.66666666666667	1.02377266646659	0.0664938576674823
159	1	159	1	1	1	1.66666666666667	0.476997180171696	0.0469095757618149
160	1	160	1	1	1	1.66666666666667	0.0414618558537293	0.00953208695780058
161	1	161	1	1	1	1.66666666666667	0.0600376927475415	0.00967827353094784
162	1	162	1	1	1	1.66666666666667	0.0677809384841622	0.0112131892498283
163	1	163	1	1	1	1.66666666666667	0.0731055511106343	0.0121744847338635
164	1	164	1	1	1	1.66666666666667	0.803380386191595	0.0606291403980913
165	1	165	1	1	1	1.66666666666667	0.369321040289542	0.030048527956183
166	1	166	1	1	1	1.66666666666667	0.051274286413621	0.0089518947049194
167	1	167	1	1	1	1.66666666666667	0.211236448531376	0.036213439909762
168	1	168	1	1	1	1.66666666666667	0.478966242462356	0.0618006009722358
169	1	169	1	1	1	1.66666666666667	0.0676400437673577	0.0171788665703269
170	1	170	1	1	1	1.66666666666667	0.105416742550547	0.0161147317238537
171	1	171	1	1	1	1.66666666666667	0.0543859339403794	0.0187585590328668
172	1	172	1	1	1	1.66666666666667	0.32654629443204	0.0295042728568435
173	1	173	1	1	1	1.66666666666667	0.170358905579417	0.0297262396298113
174	1	174	1	1	1	1.66666666666667	0.0386360023117172	0.00899476131661854
175	1	175	1	1	1	1.66666666666667	0.102740163731861	0.0301534947292581
176	1	176	1	1	1	1.66666666666667	0.0742057660328078	0.0176490609455235
177	1	177	1	1	1	1.66666666666667	1.07668810303323	0.0612400156153999
178	1	178	1	1	1	1.66666666666667	0.0810273882449441	0.0152925550560476
179	1	179	1	1	1	1.66666666666667	0.086159143240713	0.0192662547305556
180	1	180	1	1	1	1.66666666666667	0.0578754317252254	0.0118051441153068
181	1	181	1	1	1	1.66666666666667	0.0661793963117857	0.0162005980506795
182	1	182	1	1	1	1.66666666666667	0.0531357551349704	0.0084370132549446
183	1	183	1	1	1	1.66666666666667	0.081073194853013	0.0176860964619521
184	1	184	1	1	1	1.66666666666667	0.107733712090385	0.0325607627663485
185	1	185	1	1	1	1.66666666666667	0.124557438324588	0.020687425419661
186	1	186	1	1	1	1.66666666666667	0.0420842059063672	0.00880285533586988
187	1	187	1	1	1	1.66666666666667	0.556450418624546	0.0535066631373518
188	1	188	1	1	1	1.66666666666667	0.282056861149357	0.0652553042216953
189	1	189	1	1	1	1.66666666666667	0.120679492404793	0.0178783738610474
190	1	190	1	1	1	1.66666666666667	0.0566482946452235	0.0121205817990748
191	1	191	1	1	1	1.66666666666667	0.111800179627211	0.0197953369571699
192	1	192	1	1	1	1.66666666666667	0.0675048464225578	0.0116467069026643
193	1	193	1	1	1	1.66666666666667	0.0477306572655671	0.00837993316533551
194	1	194	1	1	1	1.66666666666667	0.059962504924034	0.0126683014656458
195	1	195	1	1	1	1.66666666666667	0.104463374649763	0.0183692794221519
196	1	196	1	1	1	1.66666666666667	0.0807947308613091	0.0277849345085434
197	1	197	1	1	1	1.66666666666667	0.0834531780693224	0.0138122401015434
198	1	198	1	1	1	1.66666666666667	0.214938084124387	0.0255445450418414
1	3	199	1	2	1	0.2	5.42018772555656	0.105145032450655
2	2	200	1	2	1	0.8	1.22675352448936	0.0264475054199029
1	1	201	1	4	1	1.66666666666667	0.806248785808013	0.373821892747017
2	1	202	1	4	1	1.66666666666667	0.660267854270468	0.189198545298391
3	1	203	1	4	1	1.66666666666667	0.685347122005036	0.184034308364364
4	1	204	1	4	1	1.66666666666667	0.501711593067969	0.142301012953894
5	1	205	1	4	1	1.66666666666667	0.484511426116176	0.147657027211056
6	1	206	1	4	1	1.66666666666667	0.464288674125453	0.185603265379457
7	1	207	1	4	1	1.66666666666667	0.27816757040413	0.187071991629086
8	1	208	1	4	1	1.66666666666667	0.973798971247756	0.290213770590869
9	1	209	1	4	1	1.66666666666667	1.02976354284637	0.279565684194261
10	1	210	1	4	1	1.66666666666667	0.921544075389844	0.270022130131722
11	1	211	1	4	1	1.66666666666667	0.372686109427782	0.134234399997922
12	1	212	1	4	1	1.66666666666667	0.449647367778201	0.273965208410397
13	1	213	1	4	1	1.66666666666667	0.768313683244124	0.416246510199278
14	1	214	1	4	1	1.66666666666667	0.499016435935324	0.130252674630755
15	1	215	1	4	1	1.66666666666667	0.738522945648951	0.210906316150932
16	1	216	1	4	1	1.66666666666667	0.476163652994832	0.281986656417065
17	1	217	1	4	1	1.66666666666667	0.459206654961011	0.154363188471059
18	1	218	1	4	1	1.66666666666667	0.668101333048161	0.198155805666055
19	1	219	1	4	1	1.66666666666667	0.688288537133217	0.259529803718172
20	1	220	1	4	1	1.66666666666667	0.986086946227394	0.249652930391498
21	1	221	1	4	1	1.66666666666667	0.569540239298755	0.278914603415693
22	1	222	1	4	1	1.66666666666667	0.620325891613501	0.370563111941426
23	1	223	1	4	1	1.66666666666667	0.837626852803968	0.311892515380994
24	1	224	1	4	1	1.66666666666667	0.280937800099403	0.142627371636696
25	1	225	1	4	1	1.66666666666667	0.498161332101826	0.180633269935584
26	1	226	1	4	1	1.66666666666667	0.571327695972014	0.190898739456966
27	1	227	1	4	1	1.66666666666667	0.277153831736591	0.130749095003385
28	1	228	1	4	1	1.66666666666667	0.44531978735883	0.130595622858772
29	1	229	1	4	1	1.66666666666667	0.701607123769562	0.194486783405466
30	1	230	1	4	1	1.66666666666667	0.260851571534186	0.163615913702772
31	1	231	1	4	1	1.66666666666667	0.408214067250015	0.124456911634147
32	1	232	1	4	1	1.66666666666667	0.645783853059128	0.173817809198071
33	1	233	1	4	1	1.66666666666667	0.611762147963022	0.230155458054018
34	1	234	1	4	1	1.66666666666667	1.0381765756342	0.304077086916713
35	1	235	1	4	1	1.66666666666667	1.08583723260689	0.274686861815324
36	1	236	1	4	1	1.66666666666667	0.487153666144577	0.162124893584174
37	1	237	1	4	1	1.66666666666667	1.1697256184535	0.606299215616166
38	1	238	1	4	1	1.66666666666667	0.940141518914493	0.283525094761179
39	1	239	1	4	1	1.66666666666667	1.47365442295737	0.442312173261916
40	1	240	1	4	1	1.66666666666667	1.03451702375852	0.311145180620968
41	1	241	1	4	1	1.66666666666667	0.95227306097041	0.300960345525863
42	1	242	1	4	1	1.66666666666667	1.13267320486006	0.48495689875555
43	1	243	1	4	1	1.66666666666667	1.43671711204536	0.632784017782004
44	1	244	1	4	1	1.66666666666667	1.91718794694059	0.56669007535603
45	1	245	1	4	1	1.66666666666667	2.03631095437094	0.582022232180385
46	1	246	1	4	1	1.66666666666667	2.48101548566222	0.763437040691866
47	1	247	1	4	1	1.66666666666667	0.854558507438901	0.305851054379121
48	1	248	1	4	1	1.66666666666667	2.97149648289369	1.39537470548491
49	1	249	1	4	1	1.66666666666667	0.867109014573039	0.565438900209201
50	1	250	1	4	1	1.66666666666667	1.05981050851509	0.30188958682842
51	1	251	1	4	1	1.66666666666667	2.68472177877805	0.783556589740403
52	1	252	1	4	1	1.66666666666667	2.12313100319118	0.97681598505434
53	1	253	1	4	1	1.66666666666667	0.973915951658332	0.322302233153923
54	1	254	1	4	1	1.66666666666667	0.965049064171032	0.301492666903831
55	1	255	1	4	1	1.66666666666667	1.41213934621941	0.52412132578438
56	1	256	1	4	1	1.66666666666667	2.11897092730842	0.601015036531024
57	1	257	1	4	1	1.66666666666667	1.015102836762	0.438025232909773
58	1	258	1	4	1	1.66666666666667	1.37020771951988	0.679135144918232
59	1	259	1	4	1	1.66666666666667	1.9611259305099	0.695665322560492
60	1	260	1	4	1	1.66666666666667	2.17043834501296	0.793745860230555
61	1	261	1	4	1	1.66666666666667	1.08888674944624	0.421968568725512
62	1	262	1	4	1	1.66666666666667	1.49979188917003	0.522224342470762
63	1	263	1	4	1	1.66666666666667	0.670145736827054	0.3078480814176
64	1	264	1	4	1	1.66666666666667	0.837760362229935	0.236110957674567
65	1	265	1	4	1	1.66666666666667	2.06041317797185	0.615744994132398
66	1	266	1	4	1	1.66666666666667	1.98984062579263	0.928382342452902
67	1	267	1	4	1	1.66666666666667	0.896786507007121	0.265986979463363
68	1	268	1	4	1	1.66666666666667	1.33419732982138	0.411742558767775
69	1	269	1	4	1	1.66666666666667	1.55149796780722	0.514225726795123
70	1	270	1	4	1	1.66666666666667	2.26061545568678	0.681954276572249
71	1	271	1	4	1	1.66666666666667	2.73700910167249	0.733039843304233
72	1	272	1	4	1	1.66666666666667	1.15695292273681	0.371977874631272
73	1	273	1	4	1	1.66666666666667	0.461091149046469	0.294028128696971
74	1	274	1	4	1	1.66666666666667	0.751422329134811	0.271991691504346
75	1	275	1	4	1	1.66666666666667	1.51536933130002	0.520029701851109
76	1	276	1	4	1	1.66666666666667	0.860682858588207	0.298166095783598
77	1	277	1	4	1	1.66666666666667	0.757597319648998	0.287478625165021
78	1	278	1	4	1	1.66666666666667	1.68621357201257	0.745743067847277
79	1	279	1	4	1	1.66666666666667	1.95594617358676	0.785291208977057
80	1	280	1	4	1	1.66666666666667	1.31577977191878	0.451008198916534
81	1	281	1	4	1	1.66666666666667	1.12236667885744	0.373000450316249
82	1	282	1	4	1	1.66666666666667	2.82807296174275	0.938467441160243
83	1	283	1	4	1	1.66666666666667	1.01967143806524	0.392504350538293
84	1	284	1	4	1	1.66666666666667	1.88171707728258	0.943137555213073
85	1	285	1	4	1	1.66666666666667	1.29172798866283	0.626330756857642
86	1	286	1	4	1	1.66666666666667	0.937553328335071	0.312693802479559
87	1	287	1	4	1	1.66666666666667	1.26267836463271	0.398982491721437
88	1	288	1	4	1	1.66666666666667	1.19330281301415	0.674878022038335
89	1	289	1	4	1	1.66666666666667	1.66429052948193	0.526428888163355
90	1	290	1	4	1	1.66666666666667	0.544243686896309	0.199965844316169
91	1	291	1	4	1	1.66666666666667	2.70596210550356	0.983428690371579
92	1	292	1	4	1	1.66666666666667	1.15246897427746	0.371083934418076
93	1	293	1	4	1	1.66666666666667	2.57478194811305	1.07166223013231
94	1	294	1	4	1	1.66666666666667	0.806911563887032	0.414466023959444
95	1	295	1	4	1	1.66666666666667	0.850933112123782	0.304650325788603
96	1	296	1	4	1	1.66666666666667	1.18174729143688	0.505112634435774
97	1	297	1	4	1	1.66666666666667	2.03450021795764	0.872075921067206
98	1	298	1	4	1	1.66666666666667	2.05082931204584	0.685969986063517
99	1	299	1	4	1	1.66666666666667	0.777142594065763	0.356632255861459
100	1	300	1	4	1	1.66666666666667	0.837424232683878	0.280096636373239
101	1	301	1	4	1	1.66666666666667	2.39951436804906	0.810285620475339
102	1	302	1	4	1	1.66666666666667	1.62694534380171	0.843058332831127
103	1	303	1	4	1	1.66666666666667	1.50420188417263	0.492550854202484
104	1	304	1	4	1	1.66666666666667	0.829038977252859	0.282076757133181
105	1	305	1	4	1	1.66666666666667	1.65888527615455	0.561189217700886
106	1	306	1	4	1	1.66666666666667	1.5352034308003	0.492938355781385
107	1	307	1	4	1	1.66666666666667	2.43102940994929	0.746401504353987
108	1	308	1	4	1	1.66666666666667	1.69290042897226	0.609439528238187
109	1	309	1	4	1	1.66666666666667	0.777118930834082	0.584587586174088
110	1	310	1	4	1	1.66666666666667	0.43196621247666	0.252648163548825
111	1	311	1	4	1	1.66666666666667	1.57700745089728	0.550155056904871
112	1	312	1	4	1	1.66666666666667	1.15997090834247	0.410285708330383
113	1	313	1	4	1	1.66666666666667	0.317812430151894	0.201515868353643
114	1	314	1	4	1	1.66666666666667	1.69457763277991	0.785108976339281
115	1	315	1	4	1	1.66666666666667	5.06007669847595	1.99070253000736
116	1	316	1	4	1	1.66666666666667	1.34202280434794	0.604348501884289
117	1	317	1	4	1	1.66666666666667	1.4186061199532	0.531599212403202
118	1	318	1	4	1	1.66666666666667	2.17539614972061	0.787728802474573
119	1	319	1	4	1	1.66666666666667	1.73801924366412	0.714104417570441
120	1	320	1	4	1	1.66666666666667	0.444536728957166	0.614822692351735
121	1	321	1	4	1	1.66666666666667	1.04104692474956	0.781155634862645
122	1	322	1	4	1	1.66666666666667	0.914172482695758	0.289906953383616
123	1	323	1	4	1	1.66666666666667	0.824270485366534	0.414149539069143
124	1	324	1	4	1	1.66666666666667	1.20518901433931	0.979979600046958
125	1	325	1	4	1	1.66666666666667	0.48839746495331	0.276029605152964
126	1	326	1	4	1	1.66666666666667	0.612103648202212	0.319876073212134
127	1	327	1	4	1	1.66666666666667	1.31135980473143	0.778001580234504
128	1	328	1	4	1	1.66666666666667	1.30562311088551	0.483066981830973
129	1	329	1	4	1	1.66666666666667	2.51338258723235	1.40258638371369
130	1	330	1	4	1	1.66666666666667	0.762366679172329	0.734195514774676
131	1	331	1	4	1	1.66666666666667	1.989461991356	0.932478903395165
132	1	332	1	4	1	1.66666666666667	1.37768138202323	0.825097357670449
133	1	333	1	4	1	1.66666666666667	2.28763561510882	1.01061666886317
134	1	334	1	4	1	1.66666666666667	2.0286592990063	0.762056188296201
135	1	335	1	4	1	1.66666666666667	0.369610770518432	0.339093278921144
136	1	336	1	4	1	1.66666666666667	0.64546140775584	0.32771108186308
137	1	337	1	4	1	1.66666666666667	1.09837410202688	0.431750745682947
138	1	338	1	4	1	1.66666666666667	0.795105820375638	0.661952819493451
139	1	339	1	4	1	1.66666666666667	0.559084604361489	0.319435952475417
140	1	340	1	4	1	1.66666666666667	0.845050630769904	0.353098594454324
141	1	341	1	4	1	1.66666666666667	2.04100220436885	0.792506912436031
142	1	342	1	4	1	1.66666666666667	1.35377385908748	0.491279753026416
143	1	343	1	4	1	1.66666666666667	2.89940145215047	0.938926850779418
144	1	344	1	4	1	1.66666666666667	0.673610328109696	0.542007620196777
1	1	345	1	5	1	1.66666666666667	1.23166850355077	0.0415645757647254
2	1	346	1	5	1	1.66666666666667	1.4953251309752	0.0688459011049906
3	1	347	1	5	1	1.66666666666667	1.20610805523953	0.0739457381128281
4	1	348	1	5	1	1.66666666666667	1.5386473087756	0.108312428257785
5	1	349	1	5	1	1.66666666666667	5.83419142222456	0.869274595153915
1	5	350	1	6	1.20421121856797	0.532148080704589	0.910552972197383	0.0654803824086828
1	5	351	1	7	1.20421121856797	0.532148080704589	1.29638798176973	0.230055839790962
1	5	352	1	8	1.20421121856797	0.532148080704589	3.371976358533	0.108671002978821
1	5	353	1	9	1.20421121856797	0.532148080704589	0.296204812599619	0.0102238721408465
1	5	354	1	10	1.20421121856797	0.532148080704589	1.27981395904523	0.0336989574011382
1	5	355	1	11	1.20421121856797	0.532148080704589	1.44067680452053	0.061378935180637
1	5	356	1	12	1.20421121856797	0.532148080704589	1.0901403278932	0.0205689041291132
1	5	357	0	13	1.20421121856797	0.532148080704589	1.17117104519964	0.810700129491916
